0,788
0,680
13,52
0,679
13,6
0,678
13,51
0,677
13,64
0,676
13,15
0,675
13,66
0,674
13,54
0,673
13,40
0,672
13,1
0,671
13,27
0,670
13,2
0,669
13,5
0,668
16,6
0,667
0,666
16,1
0,665
16,7
0,664
16,2
0,663
16,5
0,662
0,661
0,660
8,7
0,659
8,6
0,658
8,2
0,657
8,1
0,656
0,655
8,5
0,654
0,653
0,652
0,651
5,6
0,650
5,2
0,649
5,1
0,648
5,5
0,647
0,646
0,645
0,644
6,6
0,643
6,2
0,642
6,1
0,641
6,5
0,640
0,639
0,638
0,637
0,636
0,635
0,634
0,633
0,632
0,631
0,630
0,629
0,628
0,627
0,626
0,625
0,624
0,623
0,622
0,621
0,620
0,619
0,618
0,617
2,2
0,616
2,1
0,615
2,5
0,614
0,613
0,612
0,611
0,610
0,609
0,608
0,607
0,606
0,605
0,604
0,603
0,602
0,601
0,600
0,599
0,598
0,508
0,340
0,308
0,305
0,311
0,310
0,0
0,307
0,306
0,13
0,339
0,11
0,9
88,34
88,33
88,32
88,31
88,30
88,29
88,28
88,27
88,26
88,25
88,24
88,23
88,22
88,21
88,20
88,19
88,18
88,17
88,16
88,15
88,14
88,13
88,12
88,11
88,10
88,9
88,8
88,7
88,6
88,5
88,4
88,3
88,2
88,0
0,484
0,469
0,303
0,483
0,468
0,302
0,467
0,301
0,466
0,300
0,482
0,465
0,299
0,481
0,464
0,298
0,480
0,463
0,297
0,462
0,296
0,461
0,295
0,479
0,460
0,294
